5947994
5949438
6042675
5423819
5922645
3288675
6079524
21182350
20687946
5423482
5914415
5949313
21182428
5403844
5487969
5488780
21179760
6037147
6063312
6037154
6059966
20688234
5488346
6032822
5888151
3364587
5423561
3302968
3302968
5949192
3288724
3288723
6069697
3288700
20688439
5949142
5488095
6069351
6070109
6051119
5924422
5488918
6088782
21180300
3288248
3288236
6089013
5914723
6097261
6098764
5488302
6098491
3288632
5423629
3288259
5488484
5886476
5423366
6089481
5888092
5488495
5883732
5948961
3288230
6061406
3288677
5840664
5487966
3364587
5488490
5487908
3368922
5488739
3288783
3288260
3288261
5489010
3364587
5488331
3364587
21182420
5488652
21180640
5488766
6081207
20689318
21180608
5948780
6054408
5948758
5488710
6081448
20689423
5948752
5488373
5488584
5488850
20689427
5948749
5487842
3303000
6081694
6058498
5488563
5488445
3288231
5488531
6086601
5488806
5488535
6035792
3364587
5489007
3351706
6082193
20689771
5922583
6044773
20689884
5948572
5889145
5948571
20689928
5487883
5423623
6091741
3288277
5940853
3288152
21182382
20689960
5423318
5488020
5488920
3288159
3288642
5488333
3398520
5948496
5948491
5487849
3288636
3288634
3288641
5488620
5488658
5953377
6082011
3385691
6051120
5488034
6072383
6081903
3288218
5948324
5423678
6070521
3288210
5488299
5423539
6071098
6071663
5488999
3288695
6071317
3288093
5488417
3347384
3355597
3355904
3354400
3324313
3324515
